101 99
000000000000000000000000000000000000000000000000000000000000000000000000000000000000000000000000000
001011111000010010000101011110011100000011000011110100100000010111000001110100011000001110111001000
000010110011011001000011111101100110011010001001010110010010010001001100100001110101111001101001100
010110101000011011101000011100101001010000111010000001111001010001010111111111000000110111100101100
000101111100110001101011111011001100101001000111101010101110001111000110100111001010111001001100110
010011111011101100100110101001100110110101000011100001011110100001111000101010111101000100100000100
001010110101001000000001101110010000010100001000000101111101100101000001001110010000101111011111110
001000001110000110000000010100011111100110110011000101100111100000010101101011100000000011011100110
011011100111011111111101010101101000001001011110011111101100100000000001101111110110101111001010110
010110011001110110011111101100000101100011100000001000010010000010111001111100100001001101001010010
001010011000110111000111101000001111001001010111110101111110101101001110001000111010011100100111000
010011111100010101101001100110001110101010000010001010110111110111010101111001111111011110011010000
001110111111000110111111101001001001110111110011001110001010111011011001101000100111010111010110000
010011001100111101111000101100101111100011001000000110111000011110100010110010100001100100011010010
001101010000111100010011010010111110000000011011101100101000011010111001010110010101101011010101010
001100101000111111001110000010100111111101110001001011101001010010110010000010100101110100100011010
001011011110111101101000000001001000111000010001110110101101000001000000111011001010010110111011100
010100100100001010111100010101110001011111100110110110100000110101111000111110101101110000101110110
000001001011100010011110011111101011101011010111011100011011010011011111110000110101010100010011110
010100111111001001011001100111010101100001101101011100010100011011111101001010101010010001100001100
000111100101110100110100100101110101111001110001001100111011010100110001001000101101111100000000100
000000001111110011100111101111010001011011011111100111010110011100100101100101011010001111101111110
011100001111011111100110111100001000111010110000000001111000000110111011000001011110001000001001000
011011000101100101111101010101011010010110100010111010110000101001011011101011111000111000010000110
010100011000111100101101011110110000001100010011001010111100001110101010111110010111110010110100010
000100000010100100111100101110000110000111011001110011001001111000111010111001000110100001001101110
000001000100000110111101101110111011011001111001000101100001000100000011110100111001101001111000110
010011000010111100011000100001101100010100001100111111010100101111100111010111000001011001010011000
001100101100110100100110010100000100000100101100101010000110011000111011001011110001101101001101100
011011101100011000001011001110000000001100000011100100000111001100111100100101101011100100001011010
010000010111011110111011111001111010110110101111110001011001010110010010111111100000111101011010110
010101011101111000001110011010011001011011001001110001001000110010011011110000011011100110110000110
000010101100000101110101101000101111010111100100000000101100001111001110110101000100111111110110110
001001010011001110010101001011000011010010010101100101111011001111101010101101011100001100111001100
011110101111111110001101000000011000111010011001001100010011110100110100110000011011101010001100000
010111010110001110111111000011010000110000110001010010110100000011111100011101000110110101101111110
001101111101001100010100001110110100100100110000110011100101100010011110100100110000100111010010010
001101100011000100100100111010101100010011001100100011000100001010110110101001100001100100100000010
011001100010010101111000000010011010010110100001011110110001010000001101101111111110001000010101110
000000101111001010110010010001001000000000111101001011111001011101011000010000000111001101001111110
011011100111110110000111101010010000001011110010001100111100110111101100101000100100111101101101110
000011000001001111000000000001010011110001111010100100110110110110100110110101001010110100001110110
001111001100101110100001110111100101000100100001001010010101010100100000111100011000000010010100100
000100111100110011111000001010111011100110111001010001100011101001000100101011101000110100101110110
001001011100011110000001100100001101111001111110001010011100101011011111100001111011100100000110000
000101010011000100111111011000101101000110101111010010101001101010101100100010000110001101011000000
010011001000110100001010011010100000101101000010110110101011100110011001010000001001110111101111110
010010110100100001100000000000111111001000111001110000010001111110101001011001011001110011110111000
011011110000011011001101100011100100011101111011101001011100011100001110010111010010110111100101000
001101010100101100000101101101101000011010111000001100011111101000111001011001011001111100000000010
011010100110001100110001110010000000101101010100111010001000000101011111101001110011001101100100010
001101101101000110011001011100000010001000110001101111101001000000010010101001101101100110101100100
000011011010010011110111000111101110101110111001010011001111010110100100101110011110111001000110010
011000000100100101010010001000100000001111010101100100100001001111010100010111100000010011010011010
001100001011101100100101101011101011101000101011110101110101001000010100110001001010000101011001100
001111101010010100101110100010011111010011101010100000101111001100000010100010100111100111101000100
000101101001111001010111011100001101110101111101101110100110011000011011100010101001101100011100110
000000010001000011011000010010100101100001000111110100110000111000001101111101101001110110000000010
000001100011100101010110111010111011011010110001100010100100100000010011000001011100001011110000010
010011010111011010101111000011011101101110001011100111101111010111010000001101000101101000100110010
000001111011011010101001001001011100001101101001100001010010010000101001101101101110101101101100010
010101110110010101001110011010101101000110000001011000011111011001110011101000011101010000111010110
001110101000011011100111101110000110010000000101100011010011110001111010000110010001101101100010110
011101110110100001110010110011011100011101001010110010101011001100000011011000001011110111110110100
011111100000000100010110010101000101101111110011111000111010111110000100000100110111000111101000000
001100110000001100110111001000100011001000100110110001101000111011101110110100110101000100011000110
010101101101001110000100000000011011000111000100100111111000011001111000011000111000000100011100110
011101001101010110110000100100111010010101011001110011110000001010110110111101110100101000000011110
001110001100010001000011111000110001111010000010101101011010101100110111010110010010000001110101100
001011001011001010100000111011101111001100010010001110010000100001000011000001101001101001110001000
010111010010100111011011111001111011000111100101000101101111111001011011001101111111001101111110110
010111110001101111010010000000100010011110010100110110100111100111101100010101001101000000011001110
000011100100001110001000101111011001000000110111011010100101100001100011100110100111111010100010100
010001100011100101110111000110010000110110100001011000111111000111000000101011100101010001001000000
000001111011100011001010110111100110000010100000101110011110100100110101100100111110111100011000000
011101100110001000101001010110001011000001001100001100101011111101100100001111111011001110101011100
000011110110101110011101011111100110100110111100001000101101000011010001110100010011110110001011000
001101011001010101111000001001111111111001000100100110110001011111001110001010101101001010101111110
001010100101001101101111010001100011011111000101010011101101011001100100011101101100100001000001100
011100011011100010100110100000110101101010001001100101000110010000101110010100010110110110001110010
010000101011100101101101100010001000001101001111111000000000011000000111111111000001000111110110010
011110110000100111011011110111110010011000011000100000000110000011101011111011001011011011000010010
010010110010011100001010001011110100011111001011111010010011110000010111011101101000110011011111000
000111100111101110110000111101111110000000011111001100111111101111100000001010001100100011101111110
011110010010000111111110010001000101000010010100010010011100001110001010001001111011110000011000110
000100011000100110101011001100000111010001010000001101111010010010000110001010001010010101110011110
001111100010100111010000010100100110000000110000110101110000110001011110010000111111101110001111110
010011011110001101011100110100000000001100101010100000010101100110010000111011001011001111101000010
001111000101101110011111100110100101010011011011010111000001101001111111111110111100101100110111110
001110111111010100110001100010111111011001110101000010000101001010110110001001111100010001001111100
010000001111010110000010010010110100010011101010101011001011001011001000111010100000111111010001110
001110000000101110100011010100011111010010010111111101101010101110001101000011001101101110101100100
001000111110011110011101011111011110001110010001000001001101111010111100110011011000010110000100010
001010100111110101110110111101011011001011110101111001001111101001110101011000110111000010111000100
010101101001101110110010010100111001001010110100011111111000110010110111000010000110000111000011110
010100110101001101100011100000111001110001000101010010000110101010110111001111100010111110000011100
011110011000010011000101011100011100101100000000001011111110100011100100110010100111110011101100110
001010011010000111111101101010000000000001100001010000111110011101011111100111110110110100001111110
000111000110101001000110011100111101011001100010110000011111110101011110110110010001011010111100000
000000110010111000001011101010101011000111011000111001110110010110100110011110111011100101011110000
000000000000000000000000000000000000000000000000000000000000000000000000000000000000000000000000000
