21 51
000000000000000000000000000000000000000000000000000
010001001111100010010111110000010011000000110110000
011001110001110111010011111110000011101111110000000
010010000100110000111010001011101010001010010110110
010001010101011111011100111000010000010000000101010
011001100100001111111110100001111011011110011110110
010010010000101011111101111011111000000000101111110
000010111000011101111011011100000001101001110110100
010110110110100110101101001110111010010011101111000
000111010011001001011110100001111011001100100011110
011111111001110010010100110101010111000011111001110
011111010110010000011111110110111111111000011010110
000010111111101010110010100110101110110110011011110
011010001101010010011100100001010000011111000000110
011101101000001000001110010101001000101010001001000
001101010010111111110110011101111111000101110111010
010011111001100010000001100110001011101110101001110
011000000101011111010101110100110100110110001001000
000110101111001110101111100101000001111110100110100
000010101100110110101111111010010100010001110110010
000000000000000000000000000000000000000000000000000
